77.86 76.21 79.95 78.88 80.85
83.77 80.02 83.4 83.18 79.54
79.77 80.11 79.21 77.56 82.17
78.64 80.95 77.1 76.81 80.73
80.82 81.98 79.22 80.7 82.42
82.51 77.24 79.24 83.41 79.64
84.35 77.69 78.52 77.95 80.4
83.13 80.35 82.82 80 80.9
81.56 77.56 80.24 80.95 77.48
79.43 80.19 80.65 79.56 77.66
83.42 79.31 79.18 79.03 81.79
76.4 76.08 82.36 78.15 82.25
77.65 82.31 77.06 80.42 78.18
80.66 80.38 82.94 83.11 84.27
79.77 79.91 79.79 84.37 82.33
80.05 82.81 78.85 82.11 82.04
79.02 73.97 77.73 81.55 77.88
82.89 79.81 79.12 81.05 82.23
75.26 80.58 81.21 80.66 77.97
80.2 81.51 76.9 80.25 80.57
74.32 79.97 79.84 78.93 77.48
79.3 81.96 79.11 75.85 80.62
82.88 81.04 79.92 78.33 79.55
76.41 81.85 80.68 82.94 79.73
82.34 77.42 82.85 82.32 81.3
80.33 81.37 79.63 83.35 78.64
84.05 81.07 79.57 81.67 81.7
78.91 79.09 78.5 80.61 79.34
82.86 82.41 83.2 83.16 80.04
80.09 82.41 81.37 79.31 76.55
66.53 65.42 63.69 62.61 68.11
63.18 67.67 62.88 64.06 63.42
61.88 65.12 65.96 61.86 66.27
63.01 66.74 63.46 68.28 67.55
65.25 65.57 65.15 66.83 62.18
64.81 64.85 64.85 66.05 63.09
63.24 60.4 68.51 62.96 64.62
68.48 62.04 65.39 61.73 63.33
65.31 68.63 67.76 65.2 71
67.11 65.42 61.32 64.94 63.84
64.95 62.53 63.59 67.42 65.24
67.96 66.89 64.05 65.55 66.52
66.02 67.08 66.33 66.82 66.46
64.4 65.63 64.91 65.27 64.33
65.63 64.51 63.14 65.01 68.25
64.34 61.66 64.04 66.32 64.43
68.18 62.64 64.99 66.1 65.34
61.97 64.43 65.41 63.55 65.94
64.15 65.29 65.79 66.99 67.01
62.53 61.36 64.29 64.59 65.5
62.01 66.6 64.16 67.83 65.86
62.97 61.37 63.69 64.08 63.72
66.52 67.92 63.85 67.81 67
69.17 62.33 68.74 61.2 65.72
66.8 66.67 68.62 63.56 63.66
66.72 64.26 69.05 65.05 61.56
66.71 63.64 66.03 64.92 65.55
64.77 64.32 66.08 63.96 65.6
63.48 70.27 64.7 59.73 64.69
66.63 66.65 68.66 64.81 62.7
66.21 67.47 64.02 64.86 65.8
64.36 64.35 64.26 64.19 66.06
69.58 68.08 66.09 66.65 61.56
64.58 63.57 63.56 62.58 67.34
68.77 64.68 66.39 63.93 66.38
69.54 62.46 61.81 66.57 67.81
64.33 64.72 62.77 62.68 63.67
64.44 65.17 68.49 66.4 66.36
68.41 66.9 64.13 64.4 64
65.2 66.27 65.47 62.3 62.82
60.88 61.98 62.55 65.6 61.19
64.25 66.53 69.21 64.19 66.25
64.56 68.2 63.12 64.77 65.62
65.43 64.14 65.28 68.57 63.44
65.65 65.91 64.58 64.85 62.03
65.76 67.86 62.39 64.81 62.9
61.57 67.04 64.25 66.05 63.17
64.07 65.79 64.21 64.92 68.69
64.38 62.94 65.04 66.99 66.56
65.79 64.98 65.42 61.5 67.15
94.2 93.49 90.98 97.9 94.16
97.86 95.23 96.22 96.35 91.23
96.78 93.18 98.53 98.65 96.58
96.6 94.69 87.15 96.84 93.76
96.91 96.14 90.12 97.62 95.45
95.81 101 97.85 86.79 93.22
93.45 93.01 91.25 98.78 95.71
95.27 99 95.28 92.02 99.12
90.03 96.09 100 94.27 92.43
97.7 90.85 93.78 86.54 94.17
96.91 102.14 95.24 97.62 92.89
95.03 91.47 96.04 99.06 100.02
94.76 93.02 96.88 98.5 97.15
89.08 93.3 99.71 93.46 96.08
100.27 92.88 95.64 92.51 88.76
96.5 96.09 92.28 91.98 99.63
101.5 98.82 92.63 95.8 92.3
93.92 96.77 91.08 96.14 94.55
96.92 91.07 104.21 91.61 99.38
89.8 94.27 97.79 94.15 94.56
85.15 93.21 90.07 89.76 95.55
92.73 92.23 94.69 96.32 93.47
88.66 91.63 96.27 98.46 92.91
91.38 90.65 90.69 94.41 93.01
97.13 94.49 97.95 94.08 94.2
88.31 92.46 91.81 98.23 93.14
95.53 94.42 94.21 98.71 94.44
94.04 97.21 93.28 95.94 90.64
94.69 97.03 89.84 94.49 98.85
92.31 95.21 89.43 95.6 95.58
98.15 91.97 92.64 91.07 97.65
95.81 96.49 97.37 96.24 94.35
95.75 99.01 88.38 99.22 102.9
101.67 102.26 96.97 90.09 90.82
95.66 98.12 95.06 98.91 92.7
93.78 101.01 94.51 92.28 93.23
98.38 94.56 91.65 99.07 95.67
97.07 94.43 96.97 97.79 94.09
97.91 93.56 93.59 89.97 95.04
95.14 95.77 93.84 95.94 99.52
92.83 94 95.69 93.6 95.58
94.9 94.16 94.33 95.75 90.82
92.37 94.83 97.81 87.61 101.28
98.93 104.22 94.84 94.99 91.53
97.44 96.51 91.57 98.1 96.85
90.58 93.37 91.5 96.76 95.66
91.66 94.69 94.51 93.99 90.26
92.67 95.56 94.4 96.68 92.85
95.46 91.19 92.27 98.9 94.8
90.98 93.1 96.73 95.33 88.56
14 17 22 58 100
140.5 157 163.7
