8.65 6.21 7.61 5.55 5.32
8.22 5.37 5.55 8.38 6.39
7.5 7.83 5.08 5.04 6.14
7.34 5.68 7.1 7.4 5.16
5.39 6.92 6 5.6 5.1
5.51 7.15 5.83 7.6 8.17
5.33 5.75 6.26 5.28 5.98
8.77 5.98 8.95 8.18 6.64
5.43 5.01 6.25 6.92 8.62
8 7.77 6.87 6.44 8.83
8.01 5.53 8.29 7.23 8.8
6.67 7.03 6.59 8.13 7.38
6.77 6.04 6.6 7.91 8.86
7.77 6.11 6.77 6.23 6.06
7.85 7.25 6.65 5.35 7.54
6.94 8.39 6.42 6.34 7.69
6.37 8.92 5.85 7.42 8.12
6.17 5.73 8.02 5.36 5.19
6.08 6.55 7.41 5.88 5.87
7.2 5.97 8.17 6.75 7.05
7.07 7.19 6.98 8.89 5.5
8.3 7.37 7.07 8.52 8.3
7.91 5.87 8.09 8.01 5.62
8.39 6.41 8.41 7.64 5.09
6.83 8.18 7.44 6.97 8.88
7.42 5.24 7.2 6.05 8.09
8.06 6.39 5.13 5.67 8.13
5.15 5.41 7.55 6.79 8.66
5.15 5.53 6.18 7.45 6.74
8.43 5.51 7.11 6.49 5.56
5.96 7.83 5.33 8.02 5.57
6.25 5.1 8.22 6.59 5.17
6.66 5.79 7.37 8.1 8.87
7.97 7.97 6.36 8.31 6.98
6.48 6.74 6.35 7.43 5.94
7.8 8.92 5.24 7.07 6.87
5.29 8.18 5.87 6.58 6.68
8.97 6.24 6.29 6.1 5.25
6.56 8.83 6.05 6.5 6.69
6.49 5.25 8.98 7.31 8.18
7.49 5.38 5.67 8.06 8.91
7.88 7.4 6.86 7.04 6.78
6.55 8.25 8.64 5.88 7.13
6.88 8.28 5.07 8.27 6.77
7.94 8.42 8.15 6.03 8.07
6.74 7.03 5.04 7.59 8.84
7.4 7.04 6.05 5.39 8.96
5.5 5.46 6.42 6.78 5.33
7.97 6.86 7.38 8.39 7.5
6.54 6.67 7.55 8.16 8.11
5.89 6.4 5.03 8.31 7.62
7.93 5.24 5.12 7.1 8.22
8.47 7.89 8.72 7.07 8.15
8.2 6.19 5.58 7.41 8.57
5.54 5.86 8.15 6.6 7.2
8.78 8.04 5.48 6.19 8.48
6.71 7.16 6.31 6.69 7.32
6.9 8.44 6.72 7.54 6.17
5.57 5.82 6.73 7.91 8.86
7.82 5.77 7.72 6.89 8.8
6.35 7.47 7.52 7.94 5.11
7.8 5.54 7 7.14 8.56
5.69 8.48 7.98 7.02 6.6
5.35 6.05 5.37 7.52 7.17
6.33 8.46 5.9 8.52 5.31
8.43 8.71 6.18 8.64 8.68
6.1 5.25 6.55 5.03 6.57
6.51 6.5 7.81 7.26 5.31
6.58 8.87 7.86 8.55 7.7
6.36 7.16 8.66 5.2 8.3
8.91 5.96 7.06 5.91 5.36
8.38 5.87 7.85 5.72 5.71
5.08 6.6 8.76 8.81 8.46
8.18 5.8 6.09 8.06 5.93
7.89 6.15 5.13 5.3 6.29
6.09 6.97 8.42 5.23 8.78
5.5 8.05 5.54 5.16 7.61
8.79 7.57 5.23 5.26 5.84
6.96 6.04 7.22 5.24 8.63
6.68 7.54 5 5.41 8.39
6.09 5.12 8.35 5.23 8.57
7.78 7.43 7.84 6.69 5.95
6.12 7.56 6.66 5.68 8.75
5.58 8.43 5.33 7.97 7.36
8.89 5.81 8.76 5.6 6.61
5.75 6.36 5.37 6.98 7.66
8.93 7.78 6.16 5.87 8.4
7.41 8.18 5.52 6.48 7.56
5.79 5.96 7.57 7.94 8.12
8.28 8.58 6.24 5.57 5.35
5.25 8.44 8.31 6.48 5.26
5.57 7.91 8.54 5.06 6.47
7.02 6.99 8.09 5.06 8.68
7.47 6.34 7.37 5.72 8.81
8.22 8.38 5.53 6.57 8.26
5.18 5.49 8.7 6.78 7.91
7.04 6.37 6.24 6.33 8.02
8.61 5.84 5.07 8.37 6.72
8.62 5.24 5.1 8.96 8.66
7.18 6.04 8.32 6.85 6.24
7.74 8.99 8.25 6.83 8.65
7.98 6.97 6.39 8.24 8.12
6.77 5.69 7.28 6.48 8.39
6.14 8.55 5.73 6.37 8.66
7.17 7.37 8.26 7.35 5.69
8.21 7.07 8.23 6.92 5.09
6.95 5.31 5.17 6.88 6.31
7.45 8.49 8.12 8.74 5.02
8.12 6.02 5.65 6.25 5.26
7.6 5.28 6.89 7.08 8.22
8.03 7.45 5.8 7.93 8.77
6.94 5.05 7.02 5.86 5.91
6.24 8.49 7.33 5.7 5.19
7.94 6.68 5.85 8.78 5.97
7.57 5.21 5.62 6.35 7.89
7.08 8.98 7.58 7.65 7.67
8.29 7.05 7.5 8.72 7.72
5.57 8.73 5.19 8.08 7.25
7.13 8.33 8.67 6.24 6.35
7.56 7.55 5.74 7.98 5.46
7.62 7.75 8.37 8.24 7.43
7.66 6.18 5.4 7.26 6.56
6.58 6.73 8.25 6.24 8.23
7.68 7.42 8.33 6.92 6.87
6.36 7.64 6.87 6.43 5.15
7.01 6.41 6.9 5.88 7.85
8.3 7.75 6.34 7.44 7.93
5.69 8.36 7.92 6 5.3
6.54 5.34 6.53 5.48 6.98
7.16 8.09 5.22 8.98 6.29
5.97 7.26 8.79 8.19 7.75
8.58 7.78 5.52 8.7 8.33
7.38 8.54 6.3 7.3 5.85
5.59 7.04 8.39 7.98 8.99
8.97 6.77 5.98 7.9 8.37
7.46 8.24 5.94 5.51 8.2
6.36 5.39 8.05 7.7 7.41
7.34 5.43 6.96 5.87 6.05
5.29 6.37 8.48 8.37 6.97
6.1 6.74 8.24 7.66 7.12
5.58 8.96 6.77 7.29 7.53
8.76 8.85 6.82 8.52 7.96
7.98 7.53 8.02 8.67 5.63
8.1 7.92 6 8.48 5.4
7.29 6.31 7.48 8.28 8.39
5.74 5.62 7.31 6.89 8.55
5.91 7.84 5.25 5.26 5.84
8.23 7.54 5.16 7.52 8.35
6.38 8.68 8.87 8.09 6.96
7.78 5.74 5.62 5.08 5.33
7.26 7.56 7.95 7.86 6.07
8.03 7.23 7.65 8.15 8.74
7.41 5.43 8.87 6.88 7.17
5.6 5.2 5.13 5.13 6.41
6.6 7.46 7.5 6.2 6.88
6.3 7.99 7.76 6.44 6.49
5.63 8.53 5.32 7.21 5.3
7.97 9 5.72 7.04 7.52
5.25 7.67 7.55 8.12 8.72
5.6 7.14 5.27 6.72 5.03
5.8 8.48 7.35 6.99 6.29
7.28 8.2 8.94 6.54 6.46
5.85 7.43 8.58 7.32 7.95
8.23 8.21 6.46 8.17 8.03
8.6 7.25 5.01 8.02 7.59
5.61 8.24 7.07 8.55 8.3
7.34 8.33 8.41 5.48 8.23
5.43 8.06 6.3 5.36 7.45
5.9 5.49 6.75 8.29 5.88
7.24 8.92 5.26 7.01 8.95
6.56 7.67 8.82 5.54 7.37
5.24 6.21 6.03 8.96 8.41
8.86 7.43 8.86 6.1 7.42
7.06 5.74 8.37 7.71 7.17
5.66 8.43 7.45 5.01 6.35
5.26 6 8.57 7.72 6.39
5.76 6.85 5.79 8.66 6.24
7.87 5.67 8.77 7.78 5.2
8.31 5.74 8.12 8.03 7.45
6.45 6.72 8.9 5.66 6.79
6.82 5.2 5.4 6.32 6.24
8.83 8.75 7.43 6.9 6.9
7 8.16 5.91 7.53 8.73
7.67 7.87 5.07 8.26 5.05
7.53 8.43 6.53 5.84 6.45
5.87 6.37 8.06 5.55 6.38
8.76 8.7 8.36 8.3 8.03
6.96 8.09 7.15 5.32 5.46
8.03 7.5 6.47 6.89 7.93
8.74 5.11 8.95 5.44 8.07
6.77 8.99 5.95 8.4 6.44
7.83 5.44 5.91 8.04 5.42
5.38 6.78 8.98 6.27 8.88
5.03 8.64 6.1 7.7 7.94
5.24 7.31 7.73 6.92 8.96
7.29 6.16 8.62 7.09 6.5
6.94 5.58 8.86 8.8 7.61
8.22 8.1 5.38 5.88 6.07
5.31 7.47 7.36 8.88 8.43
6.23 7.53 8.56 8.1 7.15
