87.92 79.22 74.63 82.49 85.52
85.16 77.99 90.42 78.97 88.85
82.09 75.99 81.42 83.2 81.81
90.59 73.8 81.16 78.54 79.12
90.87 78.45 79.52 78.78 77.62
73.45 86.24 82.36 79.63 76.57
80.04 77.94 78.87 90.34 82.12
74.14 81.13 72.46 83.19 85.02
83.34 84.07 83.22 73.95 79.71
77.75 84.24 85.38 77.28 78.42
82.5 73.81 78.67 84.93 72.17
86.28 79.33 69.31 77.81 74.49
87.09 79.28 80.29 81.92 75.43
74.69 76.87 80.36 82.04 81.86
76.34 73.09 81.64 79.53 77.52
83.71 71.98 78.68 73.34 84.93
83.55 85.9 77.8 79.67 77.63
78.47 81.38 75.39 80.29 69.97
71.72 79.72 82.31 77.58 85.73
82.18 81.2 83.02 76.95 78.74
69.34 76.63 77.82 85.17 77.54
81.82 74 76.84 88.74 76.65
86.52 91.14 85.41 83.92 77.76
82.21 71.25 79.46 81.46 82.99
77.57 75.44 82 80.89 76.68
83.38 83.92 77.49 77.38 79.26
80.95 80.83 76.83 72.41 74.09
76.49 88.73 74.96 79.07 76.19
84.88 76.89 85.48 77.84 69.92
82.66 82.98 76.84 81.17 79.93
77.72 73.94 72.75 83.69 82.29
74.93 73.16 86.44 77.16 71.39
77.08 67.44 77.8 79.02 88.44
75.2 78.98 79.49 81.32 76.53
75.76 75.38 83.42 80.93 81.08
78.34 85.87 83.96 89.11 76.8
80.37 71.73 83.1 81.96 80.33
73.87 81.98 83.23 76.02 90.03
83.07 76.72 75.37 72.73 80.64
77.03 78.86 73.75 84.64 76.56
81.01 90.77 83.93 73.56 86.16
80.18 73.28 77.81 79.04 83.26
75.66 73.98 82.35 68.49 72.36
75.17 78.99 82.44 77.98 89.08
86.52 74.34 81.61 73.81 71.85
81.39 78.49 73.44 85.75 79.94
82.8 82.45 76.14 75.3 84.86
70.72 88.06 77.44 78.35 78.84
85.14 91.62 89.67 81.49 82.73
81.82 87.87 96.17 83.66 90.84
86.08 68.67 79.8 73.76 88.24
80.67 68.82 80.05 80.55 69.05
73.95 81.93 79.83 81.42 84.75
81.86 80.82 81.11 79.87 76.24
76.01 73.19 78.18 76.07 83.12
80.26 89.34 76.28 66.66 79.15
82.2 80.44 73.8 84.74 76.89
94.03 81.51 88.53 74.94 85.19
77.24 80.05 71.83 76.65 78.42
84.83 86.89 76.6 78.77 79.57
79.3 83.47 79.66 76.92 74.21
74.65 75.19 80.76 74.57 70.55
70.2 79.65 75.16 79.36 86.65
76.05 73.61 78.09 73.36 70.52
84.54 79.06 75.49 82.44 82.32
81.45 78.84 75.62 76.86 79.46
73.97 75.82 78.37 84.51 80.27
78.75 81.92 83.45 84.23 75.38
76.72 77.26 77.54 79.59 75.53
80.18 81.73 83.28 77.73 71.77
77.05 73.53 80.44 84.58 80.44
76.75 74.55 67.6 79.41 86.34
75.23 80.85 76 83.72 78.91
81.1 86.8 71.98 78.74 80.65
82.52 85.1 85.61 78.8 81.74
82.63 79.36 87.21 77.94 77.12
87.74 84.13 84.98 71.1 71.68
90.51 77.11 81.41 81.87 81.04
81.13 80.37 79.02 82.17 70.06
82.87 82.27 78.21 83.13 81.26
86.16 80.68 71.93 77.1 68.62
79.07 74.2 85.54 80.69 87.94
74.99 82.7 81.86 86.2 78.79
87.34 85.84 79.72 83.67 85.04
81.58 72.06 79.74 87.23 79.29
81.57 73.96 87.21 87.71 77.49
83.43 79.76 85.43 82.62 73.54
85.73 78.22 78.51 75.12 78.7
72.61 79.15 76.63 79.37 82.43
80.08 82.01 79.96 82.38 78.55
75.54 73.09 85.47 80.84 78.54
72.13 74.75 85.61 75.8 84.79
79.69 84.32 79.17 78.12 83.78
78.36 83.64 73.77 81.65 85.73
83.79 76.79 76.88 76.15 81.17
75.07 77.72 80.5 88.37 81.63
86.31 75.26 69.69 77.98 81.43
82.58 79.9 73.97 68.36 87.81
85.51 81.76 83.98 75.75 77.32
79.45 79.52 75.57 85.96 87.18
85.98 82.45 80.57 75.41 83.89
74.43 73.23 76.43 73.09 79.83
79.54 73.49 72.27 85.49 73.94
79.27 80.93 85.49 71.93 78.38
87.2 90.1 84.42 85.37 88.32
80.91 83.33 78.75 85.69 86.37
79.2 74.23 82.07 94.08 75.28
79.06 85.95 77.95 88.36 83.69
80.77 88.12 72.02 75.13 83.85
79.99 74.95 79.89 77.24 79.31
82.22 80.94 81.48 79.02 84.14
77.05 78.22 80.31 75.63 85.25
80 72.97 69.72 79.86 72.73
75.69 83.91 82.68 84.31 85.24
83.44 84.37 74.79 78.83 84.3
81.74 81.03 81.32 80.63 76.78
76.45 73.29 75 84.81 86.7
84.17 81.52 81.9 78.2 81.51
82.97 85.18 83.16 80.86 81.6
84.76 74.61 78.79 75.32 80.62
83.86 75.82 85.45 76.46 79
76.94 74.02 86.29 79.6 84.02
74.99 84.4 83.69 83.95 80.38
85.21 71.88 83.66 73.97 73.79
79.08 79.83 83.17 86.92 88.97
90.04 89.35 79.61 79.54 83.89
75 69.92 74.25 76.01 82.37
68.46 85.55 77.57 77.47 70.55
86.96 74.04 76.68 90.85 84.15
76.27 78.84 76.49 86.43 83.36
77.69 70.79 83.76 73.1 86.98
81.44 85.69 77.38 74.81 80.14
82.52 87.45 86.73 77.97 83.31
80.77 88.6 82 85.9 85.13
82.87 84.47 67.73 83.63 82.26
87.76 83.43 84.54 80.55 72.62
81.49 87.04 76.45 85.03 79.44
85.77 77.79 79.41 80.45 77.19
83.87 77.16 82.55 71.9 86.98
82.01 81.51 78.35 81.46 80.95
78.67 86.56 74.58 78.99 82.76
77.39 86.17 76.12 80.77 80.89
71.28 82.08 81.04 86.8 79.3
78.25 74.13 83.99 75.7 75.79
78.49 76.43 78.66 84.51 82.31
71.46 83.09 72.86 84.56 82.82
91.05 77.83 69.76 82.99 82.38
83.38 71.98 80.94 78.7 83.66
82.05 83.5 74.03 89.68 75.35
81.03 84.56 92.14 81.66 75.78
80.72 84.97 76.25 83.43 86.63
79.98 82.89 75.98 80.78 84.07
73.73 71.21 82.79 80.14 86.25
79.66 80.95 84.92 77.54 73.81
81.42 74.78 81.42 81.24 80.26
74.32 83.96 83.78 74.31 77.82
87.85 74.22 79.62 83.15 74.78
76.25 74.4 76.24 85.38 87.43
78.09 77.72 83.23 74.61 81.59
85.23 78.75 78.16 74 78.21
79.74 88.71 76.27 79.98 73.62
81.55 77.3 77.4 80.11 80.13
75.25 80.79 75.76 74.37 82.18
85.08 85.19 79.54 80.41 75.07
83.18 84.22 66.24 87.68 78.05
79.33 72.78 78.99 73.28 78.24
71.11 77.71 85.79 67.34 82.73
84.31 81 74.81 88.25 89.51
72.32 82.09 69.52 78.04 85.69
77.41 82.39 76.18 83.16 85.07
78.05 82.34 79.37 89.55 77.42
81.78 76.72 84.35 79.93 74.44
70.82 78.81 75.58 86.66 76.15
87.12 82.01 87.29 83.03 78.23
84.06 75.56 74.05 77.45 75.82
87.41 72.03 74.98 78.26 71.5
81.55 75.27 81.77 82.05 87.08
80.96 77.99 80.09 71.18 83.56
77.51 81.72 76.82 80.57 76.66
90.32 84.15 67.08 77.77 81.01
76.1 78 80.25 83.39 79.11
72.24 83.43 79 87.16 85.12
76.03 81.74 83.32 80.32 76.76
79.98 85.55 68.91 86.12 74.15
79.71 82.62 78.32 81.73 83.97
75.91 83.81 80.7 76.11 71.86
81.39 89.38 81.07 79.2 87.92
72.06 76.59 80.52 84.46 85.12
74.75 75.08 84.29 86.46 78.14
76.36 85.17 80.73 80.1 82.57
83.82 75.46 74.82 70.49 80.12
81.04 78.11 73.64 77.31 77.49
77.97 82.88 81.08 81.62 83.66
85.01 76.22 79.76 79.06 79.68
92.03 79.59 82.26 79.26 84.13
85.86 68 79.81 81.8 77.12
92.65 79.14 81.19 82.82 81.17
74.24 78.18 80.48 76.3 77.01
88.04 90.9 77.55 70.82 82.45
82.13 87.43 78.88 82.6 86.33
